Logistic Regression
Breast cancer Lung cancer 
fit_time: (0.07244491577148438, 0.08383387472765683)
score_time: (0.02068772315979004, 0.030763745705546883)
test_accuracy: (0.883995845529223, 0.04949124955499794)
test_roc_auc: (0.9206907790616279, 0.03798027640640063)
test_precision: (0.9692840882623184, 0.021160124080293153)
test_recall: (0.8167402669915234, 0.07882062389728245)
test_f1: (0.8849285680282074, 0.051845926964688406)
Logistic Regression
Breast cancer Melanoma 
fit_time: (0.00933542251586914, 0.002773082977010976)
score_time: (0.0039555072784423825, 0.0014973151038801676)
test_accuracy: (0.9323942325934358, 0.02219647255039483)
test_roc_auc: (0.9353081728950414, 0.023108828266201094)
test_precision: (0.9920472961224135, 0.0065167386299289625)
test_recall: (0.8241134751773049, 0.05683775779179692)
test_f1: (0.8993703468146522, 0.0352083446514446)
Logistic Regression
Lung cancer Melanoma 
fit_time: (0.001588726043701172, 0.0001049968570154524)
score_time: (0.002579927444458008, 0.0001371602006543464)
test_accuracy: (0.9451795885703526, 0.02006411754163425)
test_roc_auc: (0.9860684407597079, 0.00395349104717893)
test_precision: (0.9560592583582312, 0.033664421106015384)
test_recall: (0.8692518874399452, 0.05181049728272321)
test_f1: (0.9096187425443233, 0.03392465057051258)
Logistic Regression
Breast cancer Lung cancer Melanoma 
fit_time: (0.01038823127746582, 0.0014738046877612032)
score_time: (0.0033548831939697265, 0.0003345920027757154)
test_accuracy: (0.8657777777777778, 0.033247296372026745)
test_roc_auc_ovr: (0.938047599234596, 0.01653464389915389)
test_precision_macro: (0.8910373778750632, 0.020496304710335922)
test_recall_macro: (0.8637039351612646, 0.029185149744226774)
test_f1_macro: (0.8701169076227622, 0.027457248018544204)
LDA
Breast cancer Lung cancer Melanoma 
fit_time: (0.00304265022277832, 0.0009386581111231277)
score_time: (0.0033251762390136717, 0.0002059511741356568)
test_accuracy: (0.7257777777777779, 0.039891210084118896)
test_roc_auc_ovr: (0.9247385174892763, 0.02641365748338821)
test_precision_macro: (0.8305343458695408, 0.01643149623670307)
test_recall_macro: (0.6771337348473755, 0.0362541204182609)
test_f1_macro: (0.6812392430614655, 0.038708543321077205)
LDA
Breast cancer Lung cancer 
fit_time: (0.0020157814025878905, 0.00015006288860730781)
score_time: (0.002758026123046875, 0.00014442097928760565)
test_accuracy: (0.8189752305416548, 0.056751648938489524)
test_roc_auc: (0.9020214896808876, 0.04375574215623423)
test_precision: (0.9403221277905282, 0.024762242920977992)
test_recall: (0.7190345667732603, 0.09209627437510477)
test_f1: (0.8125333245484357, 0.06502397829507128)
LDA
Breast cancer Melanoma 
fit_time: (0.0014643192291259766, 0.0005236493673277923)
score_time: (0.0026644229888916015, 0.00018352641456232145)
test_accuracy: (0.746259406817176, 0.038286427206802344)
test_roc_auc: (0.8238862363562406, 0.04934659655663999)
test_precision: (0.9046765659668885, 0.07333299258116446)
test_recall: (0.347654998856097, 0.08211070532098577)
test_f1: (0.49964290760150176, 0.09705861246350088)
LDA
Lung cancer Melanoma 
fit_time: (0.0018645286560058593, 0.00014969433595077978)
score_time: (0.0026410102844238283, 0.00011932218927475938)
test_accuracy: (0.8259332485995386, 0.03886182233491326)
test_roc_auc: (0.9815238867744016, 0.006921425216498391)
test_precision: (0.9811294812358641, 0.01177632633926663)
test_recall: (0.4639212994738046, 0.12130787047828727)
test_f1: (0.6203509373090672, 0.11742690030154257)
